2
Resistor
2 6
6
1 2
2 2
2 1.5
2 2.5
2 1.5
5 1.5
2 2.5
5 2.5
5 1.5
5 2.5
5 2
6 2
3
Cell
2 4
4
1 2
2 2
2 1
2 3
2.5 1.5
2.5 2.5
2.5 2
4 2
4
Battery
2 4
6
1 2
2 2
2 1
2 3
2.5 1.5
2.5 2.5
3 1
3 3
3.5 1.5
3.5 2.5
3.5 2
4 2
5
Rheostat
2 6
9
1 2
2 2
2 1.5
2 2.5
2 1.5
5 1.5
2 2.5
5 2.5
5 1.5
5 2.5
5 2
6 2
2 3
5 1
4.75 1
5 1
5 1.25
5 1
6
Potentiometer
2 6
9
1 2
2 2
2 1.5
2 2.5
2 1.5
5 1.5
2 2.5
5 2.5
5 1.5
5 2.5
5 2
6 2
3.5 1
3.5 1.5
3.25 1.25
3.5 1.5
3.75 1.25
3.5 1.5
7
Capacitor
2 4
4
1 2
2.25 2
2.25 1.5
2.25 2.5
2.75 1.5
2.75 2.5
2.75 2
4 2
8
Diode
2 4
6
1 2
2 2
2 1.25
2 2.75
2 1.25
3 2
2 2.75
3 2
3 1.25
3 2.75
3 2
4 2
9
Vericap
2 4
7
1 2
2 2
2 1.25
2 2.75
2 1.25
3 2
2 2.75
3 2
3 1.25
3 2.75
3.15 1.25
3.15 2.75
3.15 2
4 2
10
Switch
2 4
3
1 2
2 2
2 1.25
3 2
3 2
5 2
11